t,n_grads,f,comm_rounds,var_error
0.0,32560.0,2.7215866406892424,0.0,1.332179427085338
1.0,65120.0,2.6648369697643863,2.0,1.327788865307571
2.0,97680.0,2.608130450056842,4.0,1.3234264274450807
3.0,130240.0,2.55179537640904,6.0,1.3191194608325039
4.0,162800.0,2.495872500127169,8.0,1.314870042938507
5.0,195360.0,2.44039028587681,10.0,1.3106791107299818
6.0,227920.0,2.3853780862103275,12.0,1.3065475562252205
7.0,260480.0,2.3308663067343596,14.0,1.3024762540810702
8.0,293040.0,2.2768865410831367,16.0,1.2984660706516447
9.0,325600.0,2.2234714517583605,18.0,1.2945178576926721
10.0,358160.0,2.170654684573178,20.0,1.2906324483770515
11.0,390720.0,2.118470744089986,22.0,1.2868106520754927
12.0,423280.0,2.066954850428498,24.0,1.2830532489338373
13.0,455840.0,2.0161427707538686,26.0,1.279360984057118
14.0,488400.0,1.966070626945953,28.0,1.2757345613843813
15.0,520960.0,1.9167746794321672,30.0,1.2721746373055964
16.0,553520.0,1.8682910883736608,32.0,1.2686818140831595
17.0,586080.0,1.8206556540088314,34.0,1.265256633159345
18.0,618640.0,1.7739035387773963,36.0,1.2618995684399972
19.0,651200.0,1.7280689746662148,38.0,1.2586110196586153
20.0,683760.0,1.6831849600259499,40.0,1.2553913059343833
21.0,716320.0,1.639282950866876,42.0,1.252240659646103
22.0,748880.0,1.5963925523029203,44.0,1.2491592207488247
23.0,781440.0,1.5545412163323267,46.0,1.246147031661409
24.0,814000.0,1.5137539524758687,48.0,1.243204032850463
25.0,846560.0,1.4740530579023312,50.0,1.2403300592287674
26.0,879120.0,1.4354578735280898,52.0,1.2375248374743668
27.0,911680.0,1.3979845721688717,54.0,1.2347879843599432
28.0,944240.0,1.3616459841489044,56.0,1.2321190061614178
29.0,976800.0,1.3264514648547892,58.0,1.2295172991905428
30.0,1009360.0,1.2924068075946642,60.0,1.2269821514694823
31.0,1041920.0,1.2595142038389593,62.0,1.2245127455371854
32.0,1074480.0,1.2277722515401999,64.0,1.2221081623489551
33.0,1107040.0,1.1971760108258926,66.0,1.219767386203307
34.0,1139600.0,1.167717105001902,68.0,1.217489310605255
35.0,1172160.0,1.1393838635612206,70.0,1.2152727449536442
36.0,1204720.0,1.1121615028227108,72.0,1.2131164219229544
37.0,1237280.0,1.086032338971038,74.0,1.211019005397737
38.0,1269840.0,1.0609760276614413,76.0,1.2089790988108544
39.0,1302400.0,1.0369698240031102,78.0,1.2069952537348942
40.0,1334960.0,1.0139888566381798,80.0,1.2050659785793314
41.0,1367520.0,0.99200640977082,82.0,1.2031897472536088
42.0,1400080.0,0.9709942073420459,84.0,1.2013650076676363
43.0,1432640.0,0.950922694052392,86.0,1.1995901899553982
44.0,1465200.0,0.9317613085637846,88.0,1.197863714323587
45.0,1497760.0,0.9134787449205027,90.0,1.1961839984445233
46.0,1530320.0,0.8960431989758733,92.0,1.1945494643303096
47.0,1562880.0,0.8794225973596547,94.0,1.1929585446424826
48.0,1595440.0,0.863584807240333,96.0,1.1914096884077952
49.0,1628000.0,0.8484978258028876,98.0,1.1899013661257347
50.0,1660560.0,0.8341299489590912,100.0,1.188432074266655
51.0,1693120.0,0.8204499193235899,102.0,1.1870003391708057
52.0,1725680.0,0.8074270539202354,104.0,1.1856047203679771
53.0,1758240.0,0.7950313524294682,106.0,1.1842438133450215
54.0,1790800.0,0.7832335870528299,108.0,1.1829162517942007
55.0,1823360.0,0.7720053752614098,110.0,1.1816207093793523
56.0,1855920.0,0.7613192368194724,112.0,1.1803559010594047
57.0,1888480.0,0.7511486365418086,114.0,1.179120584010012
58.0,1921040.0,0.7414680142629394,116.0,1.1779135581842672
59.0,1953600.0,0.732252803477313,118.0,1.176733666552734
60.0,1986160.0,0.7234794400606338,120.0,1.1755797950616393
61.0,2018720.0,0.7151253624111038,122.0,1.1744508723461529
62.0,2051280.0,0.7071690042623991,124.0,1.173345869233381
63.0,2083840.0,0.6995897813233014,126.0,1.1722637980671904
64.0,2116400.0,0.692368072796792,128.0,1.1712037118842937
65.0,2148960.0,0.6854851987278633,130.0,1.1701647034683498
66.0,2181520.0,0.6789233940272158,132.0,1.1691459043061396
67.0,2214080.0,0.6726657799196311,134.0,1.1681464834672806
68.0,2246640.0,0.66669633347264,136.0,1.1671656464264817
69.0,2279200.0,0.6609998557742539,138.0,1.1662026338449911
70.0,2311760.0,0.6555619392485482,140.0,1.1652567203257402
71.0,2344320.0,0.6503689345250946,142.0,1.1643272131546825
72.0,2376880.0,0.6454079172126399,144.0,1.1634134510390246
73.0,2409440.0,0.6406666548688423,146.0,1.1625148028513956
74.0,2442000.0,0.6361335744059999,148.0,1.1616306663875369
75.0,2474560.0,0.6317977301271241,150.0,1.160760467143784
76.0,2507120.0,0.6276487725469582,152.0,1.1599036571194583
77.0,2539680.0,0.6236769181181362,154.0,1.159059713648262
78.0,2572240.0,0.6198729199531012,156.0,1.1582281382618898
79.0,2604800.0,0.6162280396071783,158.0,1.157408455588299
80.0,2637360.0,0.6127340199668405,160.0,1.1566002122864145
81.0,2669920.0,0.6093830592692705,162.0,1.1558029760184763
82.0,2702480.0,0.6061677862643985,164.0,1.1550163344607611
83.0,2735040.0,0.6030812365182943,166.0,1.1542398943529912
84.0,2767600.0,0.6001168298467692,168.0,1.15347328058641
85.0,2800160.0,0.5972683488599874,170.0,1.152716135330227
86.0,2832720.0,0.5945299185925148,172.0,1.1519681171958807
87.0,2865280.0,0.5918959871883023,174.0,1.1512289004384115
88.0,2897840.0,0.5893613076063843,176.0,1.1504981741940623
89.0,2930400.0,0.5869209203103938,178.0,1.1497756417531204
90.0,2962960.0,0.5845701369031594,180.0,1.1490610198669202
91.0,2995520.0,0.582304524666553,182.0,1.148354038087874
92.0,3028080.0,0.5801198919662198,184.0,1.1476544381413347
93.0,3060640.0,0.5780122744808,186.0,1.146961973328084
94.0,3093200.0,0.5759779222155827,188.0,1.1462764079562229
95.0,3125760.0,0.5740132872612121,190.0,1.1455975168012362
96.0,3158320.0,0.5721150122589489,192.0,1.1449250845930166
97.0,3190880.0,0.5702799195351003,194.0,1.1442589055286467
98.0,3223440.0,0.5685050008684502,196.0,1.1435987828097685
99.0,3256000.0,0.566787407855856,198.0,1.1429445282033857
100.0,3288560.0,0.5651244428425796,200.0,1.1422959616249915
101.0,3321120.0,0.5635135503853592,202.0,1.1416529107429325
102.0,3353680.0,0.5619523092176818,204.0,1.141015210602975
103.0,3386240.0,0.5604384246881863,206.0,1.1403827032720606
104.0,3418800.0,0.5589697216445554,208.0,1.139755237500293
105.0,3451360.0,0.5575441377366924,210.0,1.1391326684002263
106.0,3483920.0,0.5561597171143485,212.0,1.1385148571425687
107.0,3516480.0,0.5548146044957222,214.0,1.1379016706674592
108.0,3549040.0,0.553507039584842,216.0,1.1372929814105062
109.0,3581600.0,0.5522353518168018,218.0,1.1366886670428193
110.0,3614160.0,0.5509979554111067,220.0,1.1360886102243013
111.0,3646720.0,0.5497933447145388,222.0,1.1354926983695055
112.0,3679280.0,0.548620089816038,224.0,1.1349008234253923
113.0,3711840.0,0.5474768324171341,226.0,1.1343128816603614
114.0,3744400.0,0.546362281942446,228.0,1.1337287734639587
115.0,3776960.0,0.5452752118757042,230.0,1.1331484031566947
116.0,3809520.0,0.544214456307624,232.0,1.1325716788094382
117.0,3842080.0,0.5431789066828008,234.0,1.1319985120718754
118.0,3874640.0,0.5421675087335769,236.0,1.131428818009557
119.0,3907200.0,0.5411792595895756,238.0,1.1308625149490772
120.0,3939760.0,0.5402132050522915,240.0,1.130299524330947
121.0,3972320.0,0.5392684370247849,242.0,1.1297397705697683
122.0,4004880.0,0.538344091087142,244.0,1.1291831809213084
123.0,4037440.0,0.5374393442089482,246.0,1.1286296853561202
124.0,4070000.0,0.5365534125905574,248.0,1.1280792164393607
125.0,4102560.0,0.535685549625456,250.0,1.1275317092164778
126.0,4135120.0,0.5348350439765,252.0,1.1269871011044654
127.0,4167680.0,0.5340012177592471,254.0,1.1264453317883882
128.0,4200240.0,0.5331834248260354,256.0,1.1259063431229033
129.0,4232800.0,0.5323810491448447,258.0,1.12537007903852
130.0,4265360.0,0.5315935032673527,260.0,1.1248364854523498
131.0,4297920.0,0.5308202268809458,262.0,1.1243055101831145
132.0,4330480.0,0.5300606854397609,264.0,1.1237771028701933
133.0,4363040.0,0.5293143688701473,266.0,1.1232512148964966
134.0,4395600.0,0.5285807903462147,268.0,1.1227277993149822
135.0,4428160.0,0.5278594851314056,270.0,1.1222068107786083
136.0,4460720.0,0.5271500094822764,272.0,1.1216882054735677
137.0,4493280.0,0.5264519396109034,274.0,1.1211719410556253
138.0,4525840.0,0.5257648707025566,276.0,1.1206579765894016
139.0,4558400.0,0.525088415985476,278.0,1.1201462724904616
140.0,4590960.0,0.5244222058497913,280.0,1.11963679047006
141.0,4623520.0,0.5237658870127927,282.0,1.119129493482411
142.0,4656080.0,0.523119121727938,284.0,1.1186243456743654
143.0,4688640.0,0.5224815870351336,286.0,1.1181213123373606
144.0,4721200.0,0.5218529740499771,288.0,1.1176203598615442
145.0,4753760.0,0.5212329872897844,290.0,1.1171214556919589
146.0,4786320.0,0.5206213440343593,292.0,1.1166245682866838
147.0,4818880.0,0.5200177737195788,294.0,1.1161296670768452
148.0,4851440.0,0.5194220173619858,296.0,1.1156367224283967
149.0,4884000.0,0.5188338270126833,298.0,1.11514570560559
150.0,4916560.0,0.5182529652389324,300.0,1.1146565887360496
151.0,4949120.0,0.5176792046319367,302.0,1.1141693447773764
152.0,4981680.0,0.5171123273393998,304.0,1.113683947485209
153.0,5014240.0,0.5165521246215103,306.0,1.1132003713826681
154.0,5046800.0,0.515998396429098,308.0,1.112718591731123
155.0,5079360.0,0.5154509510027697,310.0,1.1122385845022145
156.0,5111920.0,0.5149096044919064,312.0,1.111760326351077
157.0,5144480.0,0.5143741805924628,314.0,1.111283794590703
158.0,5177040.0,0.513844510202577,316.0,1.1108089671673949
159.0,5209600.0,0.5133204310950478,318.0,1.1103358226372553
160.0,5242160.0,0.5128017876057941,320.0,1.1098643401436692
161.0,5274720.0,0.5122884303374614,322.0,1.1093944993957265
162.0,5307280.0,0.5117802158773844,324.0,1.1089262806475484
163.0,5339840.0,0.5112770065291602,326.0,1.1084596646784728
164.0,5372400.0,0.5107786700571296,328.0,1.1079946327740575
165.0,5404960.0,0.5102850794431014,330.0,1.10753116670787
166.0,5437520.0,0.5097961126546895,332.0,1.107069248724023
167.0,5470080.0,0.5093116524246736,334.0,1.1066088615204221
168.0,5502640.0,0.5088315860408168,336.0,1.1061499882326993
169.0,5535200.0,0.5083558051456156,338.0,1.105692612418794
170.0,5567760.0,0.5078842055454752,340.0,1.10523671804416
171.0,5600320.0,0.5074166870288401,342.0,1.1047822894675623
172.0,5632880.0,0.5069531531928292,344.0,1.104329311427449
173.0,5665440.0,0.5064935112779495,346.0,1.1038777690288601
174.0,5698000.0,0.5060376720104891,348.0,1.1034276477308613
175.0,5730560.0,0.5055855494522067,350.0,1.1029789333344708
176.0,5763120.0,0.5051370608569584,352.0,1.1025316119710642
177.0,5795680.0,0.5046921265339196,354.0,1.102085670091233
178.0,5828240.0,0.50425066971708,356.0,1.1016410944540789
179.0,5860800.0,0.5038126164407029,358.0,1.101197872116924
180.0,5893360.0,0.503377895420461,360.0,1.1007559904254205
181.0,5925920.0,0.5029464379399723,362.0,1.1003154370040407
182.0,5958480.0,0.5025181777424748,364.0,1.0998761997469353
183.0,5991040.0,0.5020930509273918,366.0,1.0994382668091371
184.0,6023600.0,0.5016709958515565,368.0,1.099001626598106
185.0,6056160.0,0.5012519530348679,370.0,1.09856626776559
186.0,6088720.0,0.500835865070171,372.0,1.0981321791997967
187.0,6121280.0,0.5004226765371582,374.0,1.097699350017859
188.0,6153840.0,0.5000123339201031,376.0,1.0972677695585835
189.0,6186400.0,0.499604785529244,378.0,1.0968374273754715
190.0,6218960.0,0.4991999814256472,380.0,1.0964083132299964
191.0,6251520.0,0.49879787334938586,382.0,1.0959804170851342
192.0,6284080.0,0.4983984146508794,384.0,1.0955537290991293
193.0,6316640.0,0.49800156022524716,386.0,1.095128239619495
194.0,6349200.0,0.49760726644953474,388.0,1.094703939177227
195.0,6381760.0,0.49721549112268215,390.0,1.094280818481233
196.0,6414320.0,0.49682619340810474,392.0,1.093858868412964
197.0,6446880.0,0.49643933377876837,394.0,1.0934380800212389
198.0,6479440.0,0.4960548739646442,396.0,1.093018444517256
199.0,6512000.0,0.4956727769024338,398.0,1.092599953269785
200.0,6544560.0,0.4952930066874607,400.0,1.0921825978005297
