t,n_grads,f,comm_rounds,var_error
0.0,0.0,2.7215866406892424,0.0,1.332179427085338
1.0,32560.0,2.5518982919008035,1.0,1.3191383713233311
2.0,65120.0,2.3848751897835836,2.0,1.3065276178153529
3.0,97680.0,2.222217665669165,3.0,1.2944511499488784
4.0,130240.0,2.0648478898906575,4.0,1.2829354996487912
5.0,162800.0,1.9137097813036519,5.0,1.272001286901018
6.0,195360.0,1.7697911989344144,6.0,1.2616666977872377
7.0,227920.0,1.6340678276895018,7.0,1.2519458592933697
8.0,260480.0,1.5074307235920266,8.0,1.2428470321630765
9.0,293040.0,1.3906079455505829,9.0,1.2343710060287865
10.0,325600.0,1.2840933081380064,10.0,1.2265099615156052
11.0,358160.0,1.1880963721550155,11.0,1.2192470234139507
12.0,390720.0,1.1025247778217713,12.0,1.2125566454148498
13.0,423280.0,1.0270026040465967,13.0,1.206405810173256
14.0,455840.0,0.9609194573181967,14.0,1.2007558558032116
15.0,488400.0,0.9034982588332432,15.0,1.19556462131492
16.0,520960.0,0.8538676132241503,16.0,1.1907885805086111
17.0,553520.0,0.8111270271334644,17.0,1.1863846998274554
18.0,586080.0,0.7743980341793345,18.0,1.1823118687366627
19.0,618640.0,0.742859133404636,19.0,1.1785318637856035
20.0,651200.0,0.7157659149827865,20.0,1.1750098891361997
21.0,683760.0,0.6924594903035142,21.0,1.1717147788512796
22.0,716320.0,0.6723667255670688,22.0,1.1686189566608067
23.0,748880.0,0.6549953700751626,23.0,1.1656982396378137
24.0,781440.0,0.6399264530869304,24.0,1.1629315543265
25.0,814000.0,0.62680559310139,25.0,1.1603006147295456
26.0,846560.0,0.6153342574258192,26.0,1.1577895949356132
27.0,879120.0,0.6052615631503682,27.0,1.1553848163255667
28.0,911680.0,0.596376908341171,28.0,1.153074460155276
29.0,944240.0,0.5885035322063941,29.0,1.1508483102251965
30.0,976800.0,0.5814929923482849,30.0,1.1486975265420345
31.0,1009360.0,0.5752204890408655,31.0,1.1466144486687253
32.0,1041920.0,0.5695809409932254,32.0,1.1445924263075182
33.0,1074480.0,0.5644857107710806,33.0,1.142625674177214
34.0,1107040.0,0.5598598822195616,34.0,1.1407091481618434
35.0,1139600.0,0.5556400014639473,35.0,1.1388384398481404
36.0,1172160.0,0.5517722041848274,36.0,1.1370096868214168
37.0,1204720.0,0.5482106631026142,37.0,1.1352194963860018
38.0,1237280.0,0.5449163000601774,38.0,1.1334648806777252
39.0,1269840.0,0.5418557163684395,39.0,1.1317432014206663
40.0,1302400.0,0.5390003030722381,40.0,1.1300521228382534
41.0,1334960.0,0.5363254995488806,41.0,1.128389571456104
42.0,1367520.0,0.5338101744876608,42.0,1.1267537017308107
43.0,1400080.0,0.5314361079596581,43.0,1.1251428666072023
44.0,1432640.0,0.5291875571194136,44.0,1.123555592249367
45.0,1465200.0,0.5270508912190507,45.0,1.1219905563110983
46.0,1497760.0,0.5250142841806261,46.0,1.1204465692125436
47.0,1530320.0,0.5230674550664468,47.0,1.1189225579745459
48.0,1562880.0,0.5212014484958272,48.0,1.1174175522330785
49.0,1595440.0,0.5194084484516521,49.0,1.1159306721154487
50.0,1628000.0,0.5176816200597604,50.0,1.1144611177095365
51.0,1660560.0,0.516014974856413,51.0,1.1130081598988164
52.0,1693120.0,0.5144032558228797,52.0,1.1115711323706627
53.0,1725680.0,0.5128418390929806,53.0,1.1101494246345645
54.0,1758240.0,0.511326649754826,54.0,1.1087424759113396
55.0,1790800.0,0.5098540895926458,55.0,1.1073497697750032
56.0,1823360.0,0.5084209749652293,56.0,1.1059708294462764
57.0,1855920.0,0.5070244833076331,57.0,1.1046052136513325
58.0,1888480.0,0.5056621069834352,58.0,1.1032525129717412
59.0,1921040.0,0.5043316134148118,59.0,1.1019123466220446
60.0,1953600.0,0.5030310105843292,60.0,1.100584359600268
61.0,1986160.0,0.5017585171414527,61.0,1.0992682201642314
62.0,2018720.0,0.5005125364631848,62.0,1.0979636175929621
63.0,2051280.0,0.4992916341158756,63.0,1.0966702601979896
64.0,2083840.0,0.4980945182472963,64.0,1.0953878735540141
65.0,2116400.0,0.4969200225071901,65.0,1.0941161989224524
66.0,2148960.0,0.4957670911528451,66.0,1.0928549918448214
67.0,2181520.0,0.49463476604557916,67.0,1.091604020885899
68.0,2214080.0,0.49352217528584513,68.0,1.0903630665091433
69.0,2246640.0,0.4924285232701789,69.0,1.0891319200690759
70.0,2279200.0,0.49135308198342226,70.0,1.0879103829072383
71.0,2311760.0,0.4902951833654158,71.0,1.0866982655399806
72.0,2344320.0,0.489254212613343,72.0,1.0854953869277837
73.0,2376880.0,0.4882296022997283,73.0,1.0843015738170554
74.0,2409440.0,0.48722082720221116,74.0,1.0831166601464335
75.0,2442000.0,0.48622739975506,75.0,1.0819404865105637
76.0,2474560.0,0.48524886604428535,76.0,1.0807728996751595
77.0,2507120.0,0.48428480227845827,77.0,1.0796137521378577
78.0,2539680.0,0.48333481167617165,78.0,1.0784629017300273
79.0,2572240.0,0.4823985217187131,79.0,1.0773202112552367
80.0,2604800.0,0.481475581723111,80.0,1.0761855481605698
81.0,2637360.0,0.48056566069643236,81.0,1.0750587842374137
82.0,2669920.0,0.47966844543715736,82.0,1.0739397953487115
83.0,2702480.0,0.47878363885375924,83.0,1.072828461180008
84.0,2735040.0,0.4779109584743493,84.0,1.071724665011906
85.0,2767600.0,0.47705013512450123,85.0,1.0706282935118143
86.0,2800160.0,0.4762009117531948,86.0,1.0695392365430862
87.0,2832720.0,0.47536304238929095,87.0,1.0684573869898653
88.0,2865280.0,0.474536291213101,88.0,1.067382640596116
89.0,2897840.0,0.47372043172949496,89.0,1.06631489581749
90.0,2930400.0,0.47291524603063756,90.0,1.0652540536848132
91.0,2962960.0,0.4721205241378808,91.0,1.0642000176781057
92.0,2995520.0,0.4713360634135998,92.0,1.0631526936101567
93.0,3028080.0,0.47056166803486515,93.0,1.062111989518779
94.0,3060640.0,0.46979714852180976,94.0,1.061077815566951
95.0,3093200.0,0.4690423213144027,95.0,1.0600500839501419
96.0,3125760.0,0.46829700839208355,96.0,1.0590287088101735
97.0,3158320.0,0.46756103693136936,97.0,1.0580136061550491
98.0,3190880.0,0.4668342389971225,98.0,1.0570046937842235
99.0,3223440.0,0.46611645126367185,99.0,1.0560018912188516
100.0,3256000.0,0.4654075147624294,100.0,1.0550051196365824
101.0,3288560.0,0.46470727465303574,101.0,1.0540143018105237
102.0,3321120.0,0.4640155800154113,102.0,1.0530293620520235
103.0,3353680.0,0.46333228366039914,103.0,1.0520502261569566
104.0,3386240.0,0.4626572419569516,104.0,1.0510768213552308
105.0,3418800.0,0.46199031467405044,105.0,1.0501090762632521
106.0,3451360.0,0.46133136483575726,106.0,1.0491469208391169
107.0,3483920.0,0.4606802585879813,107.0,1.0481902863403139
108.0,3516480.0,0.46003686507570596,108.0,1.0472391052837433
109.0,3549040.0,0.45940105632956785,109.0,1.0462933114078767
110.0,3581600.0,0.4587727071608022,110.0,1.0453528396368954
111.0,3614160.0,0.45815169506368564,111.0,1.04441762604666
112.0,3646720.0,0.4575379001247033,112.0,1.0434876078323787
113.0,3679280.0,0.45693120493775663,113.0,1.042562723277848
114.0,3711840.0,0.4563314945248044,114.0,1.0416429117261594
115.0,3744400.0,0.45573865626139964,115.0,1.0407281135517643
116.0,3776960.0,0.4551525798066441,116.0,1.039818270133806
117.0,3809520.0,0.4545731570371363,117.0,1.038913323830632
118.0,3842080.0,0.4540002819845357,118.0,1.0380132179554085
119.0,3874640.0,0.4534338507764102,119.0,1.0371178967527617
120.0,3907200.0,0.452873761580066,120.0,1.0362273053763849
121.0,3939760.0,0.4523199145490986,121.0,1.0353413898675439
122.0,3972320.0,0.4517722117724257,122.0,1.03446009713443
123.0,4004880.0,0.45123055722559513,123.0,1.0335833749323025
124.0,4037440.0,0.45069485672417675,124.0,1.0327111718443795
125.0,4070000.0,0.45016501787907537,125.0,1.0318434372634298
126.0,4102560.0,0.4496409500536124,126.0,1.0309801213740217
127.0,4135120.0,0.4491225643222431,127.0,1.0301211751353985
128.0,4167680.0,0.4486097734307922,128.0,1.0292665502649385
129.0,4200240.0,0.44810249175809774,129.0,1.0284161992221714
130.0,4232800.0,0.44760063527896987,130.0,1.0275700751933223
131.0,4265360.0,0.44710412152837664,131.0,1.0267281320763482
132.0,4297920.0,0.44661286956678015,132.0,1.0258903244664521
133.0,4330480.0,0.4461267999465528,133.0,1.0250566076420402
134.0,4363040.0,0.44564583467941055,134.0,1.0242269375511088
135.0,4395600.0,0.4451698972048064,135.0,1.0234012707980316
136.0,4428160.0,0.44469891235923203,136.0,1.0225795646307358
137.0,4460720.0,0.4442328063463819,137.0,1.0217617769282445
138.0,4493280.0,0.4437715067081343,138.0,1.020947866188569
139.0,4525840.0,0.44331494229631474,139.0,1.0201377915169352
140.0,4558400.0,0.44286304324520176,140.0,1.0193315126143323
141.0,4590960.0,0.4424157409447461,141.0,1.0185289897663656
142.0,4623520.0,0.4419729680144713,142.0,1.017730183832402
143.0,4656080.0,0.4415346582780282,143.0,1.0169350562349986
144.0,4688640.0,0.4411007467383793,144.0,1.0161435689495988
145.0,4721200.0,0.44067116955358854,145.0,1.0153556844944882
146.0,4753760.0,0.4402458640131943,146.0,1.0145713659209996
147.0,4786320.0,0.4398247685151461,147.0,1.0137905768039552
148.0,4818880.0,0.43940782254328514,148.0,1.0130132812323418
149.0,4851440.0,0.4389949666453524,149.0,1.0122394438002058
150.0,4884000.0,0.4385861424115051,150.0,1.0114690295977624
151.0,4916560.0,0.4381812924533293,151.0,1.0107020042027117
152.0,4949120.0,0.43778036038333,152.0,1.0099383336717513
153.0,4981680.0,0.4373832907948878,153.0,1.0091779845322864
154.0,5014240.0,0.4369900292426672,154.0,1.0084209237743187
155.0,5046800.0,0.4366005222234647,155.0,1.007667118842522
156.0,5079360.0,0.4362147171574842,156.0,1.0069165376284854
157.0,5111920.0,0.4358325623700279,157.0,1.0061691484631308
158.0,5144480.0,0.43545400707359344,158.0,1.0054249201092873
159.0,5177040.0,0.43507900135036437,159.0,1.004683821754431
160.0,5209600.0,0.43470749613508514,160.0,1.0039458230035712
161.0,5242160.0,0.4343394431983118,161.0,1.0032108938722897
162.0,5274720.0,0.433974795130027,162.0,1.002479004779924
163.0,5307280.0,0.4336135053236117,163.0,1.0017501265428894
164.0,5339840.0,0.43325552796016475,164.0,1.0010242303681394
165.0,5372400.0,0.43290081799316127,165.0,1.000301287846757
166.0,5404960.0,0.4325493311334424,166.0,0.9995812709476766
167.0,5437520.0,0.43220102383452863,167.0,0.998864152011529
168.0,5470080.0,0.4318558532782475,168.0,0.998149903744612
169.0,5502640.0,0.43151377736067115,169.0,0.9974384992129763
170.0,5535200.0,0.4311747546783533,170.0,0.9967299118366303
171.0,5567760.0,0.4308387445148608,171.0,0.996024115383855
172.0,5600320.0,0.4305057068275924,172.0,0.995321083965631
173.0,5632880.0,0.43017560223487783,173.0,0.994620792030172
174.0,5665440.0,0.42984839200335107,174.0,0.9939232143575627
175.0,5698000.0,0.429524038035591,175.0,0.9932283260544991
176.0,5730560.0,0.42920250285802425,176.0,0.9925361025491269
177.0,5763120.0,0.42888374960908315,177.0,0.9918465195859812
178.0,5795680.0,0.4285677420276141,178.0,0.9911595532210151
179.0,5828240.0,0.4282544444415298,179.0,0.9904751798167262
180.0,5860800.0,0.4279438217567,180.0,0.9897933760373702
181.0,5893360.0,0.4276358394460758,181.0,0.9891141188442651
182.0,5925920.0,0.42733046353904186,182.0,0.9884373854911803
183.0,5958480.0,0.4270276606109917,183.0,0.9877631535198116
184.0,5991040.0,0.42672739777311963,184.0,0.9870914007553369
185.0,6023600.0,0.4264296426624281,185.0,0.9864221053020539
186.0,6056160.0,0.42613436343194017,186.0,0.9857552455390977
187.0,6088720.0,0.425841528741118,187.0,0.9850908001162326
188.0,6121280.0,0.42555110774647864,188.0,0.9844287479497229
189.0,6153840.0,0.4252630700924052,189.0,0.9837690682182745
190.0,6186400.0,0.424977385902148,190.0,0.9831117403590516
191.0,6218960.0,0.42469402576901094,191.0,0.9824567440637627
192.0,6251520.0,0.4244129607477205,192.0,0.9818040592748153
193.0,6284080.0,0.42413416234597207,193.0,0.9811536661815405
194.0,6316640.0,0.4238576025161499,194.0,0.980505545216482
195.0,6349200.0,0.42358325364721716,195.0,0.9798596770517508
196.0,6381760.0,0.42331108855677135,196.0,0.9792160425954453
197.0,6414320.0,0.42304108048326355,197.0,0.9785746229881299
198.0,6446880.0,0.4227732030783753,198.0,0.9779353995993791
199.0,6479440.0,0.42250743039955063,199.0,0.9772983540243795
200.0,6512000.0,0.422243736902681,200.0,0.9766634680805892
